affine1_b[0] = 0.094045;
affine1_b[1] = 0.039578;
affine1_b[2] = -0.059344;
affine1_b[3] = -0.026222;
affine1_b[4] = -0.004971;
affine1_b[5] = 0.054478;
affine1_b[6] = 0.127211;
affine1_b[7] = 0.00178;
affine1_b[8] = -0.0694;
affine1_b[9] = 0.012656;
affine1_b[10] = 0.046682;
affine1_b[11] = 0.016051;
affine1_b[12] = 0.090964;
affine1_b[13] = 0.09469;
affine1_b[14] = -0.028546;
affine1_b[15] = -0.033563;
affine1_b[16] = -0.02423;
affine1_b[17] = 0.057206;
affine1_b[18] = 0.113651;
affine1_b[19] = 0.061818;
affine1_b[20] = -0.007045;
affine1_b[21] = 0.002413;
affine1_b[22] = 0.016737;
affine1_b[23] = -0.026706;
affine1_b[24] = 0.060825;
affine1_b[25] = 0.010252;
affine1_b[26] = 0.017525;
affine1_b[27] = -0.007035;
affine1_b[28] = -0.028832;
affine1_b[29] = 0.003308;
affine1_b[30] = -0.010326;
affine1_b[31] = -0.001335;
affine1_b[32] = -0.022126;
affine1_b[33] = 0.0277;
affine1_b[34] = 0.059955;
affine1_b[35] = -0.006724;
affine1_b[36] = 0.016331;
affine1_b[37] = 0.034669;
affine1_b[38] = -0.048172;
affine1_b[39] = -0.036967;
affine1_b[40] = -0.042184;
affine1_b[41] = -0.033793;
affine1_b[42] = 0.000428;
affine1_b[43] = 0.07144;
affine1_b[44] = 0.045411;
affine1_b[45] = -0.015301;
affine1_b[46] = -0.024147;
affine1_b[47] = 0.02492;
affine1_b[48] = 0.082053;
affine1_b[49] = -0.035899;
affine1_b[50] = 0.010196;
affine1_b[51] = -0.04404;
affine1_b[52] = -0.080087;
affine1_b[53] = -0.011448;
affine1_b[54] = -0.005994;
affine1_b[55] = 0.033314;
affine1_b[56] = -0.064091;
affine1_b[57] = 0.0237;
affine1_b[58] = 0.054535;
affine1_b[59] = 0.122054;
affine1_b[60] = -0.070282;
affine1_b[61] = 0.027001;
affine1_b[62] = -0.086468;
affine1_b[63] = -0.00225;
affine1_b[64] = -0.033047;
affine1_b[65] = 0.032055;
affine1_b[66] = -0.077512;
affine1_b[67] = -0.022973;
affine1_b[68] = -0.040368;
affine1_b[69] = 0.106773;
affine1_b[70] = -0.018275;
affine1_b[71] = -0.018576;
affine1_b[72] = -0.012272;
affine1_b[73] = -0.005681;
affine1_b[74] = 0.018068;
affine1_b[75] = -0.005968;
affine1_b[76] = -0.002689;
affine1_b[77] = -0.033717;
affine1_b[78] = -0.013392;
affine1_b[79] = 0.029868;
affine1_b[80] = -0.042109;
affine1_b[81] = 0.054959;
affine1_b[82] = -0.06323;
affine1_b[83] = 0.033509;
affine1_b[84] = -0.025507;
affine1_b[85] = 0.03544;
affine1_b[86] = -0.024687;
affine1_b[87] = 0.013637;
affine1_b[88] = -0.033824;
affine1_b[89] = -0.045191;
affine1_b[90] = -0.016228;
affine1_b[91] = -0.079973;
affine1_b[92] = -0.023766;
affine1_b[93] = 0.051942;
affine1_b[94] = 0.018059;
affine1_b[95] = 0.061139;
affine1_b[96] = 0.05238;
affine1_b[97] = -0.01064;
affine1_b[98] = -0.008393;
affine1_b[99] = -0.076033;
