affine2_b[0] = 0.011631;
affine2_b[1] = 0.082904;
affine2_b[2] = -0.021516;
affine2_b[3] = -0.017999;
affine2_b[4] = -0.022746;
affine2_b[5] = 0.065066;
affine2_b[6] = -0.074312;
affine2_b[7] = 0.000663;
affine2_b[8] = -0.010378;
affine2_b[9] = -0.023905;
