cnn_param_b[0] = -0.042299;
cnn_param_b[1] = 0.041088;
cnn_param_b[2] = -0.231612;
cnn_param_b[3] = -0.371268;
cnn_param_b[4] = -0.160562;
cnn_param_b[5] = -0.217978;
cnn_param_b[6] = -0.135406;
cnn_param_b[7] = -0.191369;
cnn_param_b[8] = -0.082025;
cnn_param_b[9] = -0.245007;
cnn_param_b[10] = -0.222396;
cnn_param_b[11] = -0.332904;
cnn_param_b[12] = -0.073027;
cnn_param_b[13] = -0.113447;
cnn_param_b[14] = -0.237811;
cnn_param_b[15] = -0.246453;
cnn_param_b[16] = -0.191876;
cnn_param_b[17] = -0.112601;
cnn_param_b[18] = -0.017207;
cnn_param_b[19] = -0.01228;
cnn_param_b[20] = -0.130207;
cnn_param_b[21] = -0.159837;
cnn_param_b[22] = -0.146364;
cnn_param_b[23] = -0.191495;
cnn_param_b[24] = -0.200514;
cnn_param_b[25] = -0.181324;
cnn_param_b[26] = -0.014938;
cnn_param_b[27] = -0.348131;
cnn_param_b[28] = -0.131811;
cnn_param_b[29] = -0.254359;
